wa
+6285715442215
+6285715442218
+6285715442219
+6285715442220
+6285715442221
+6285715442228
+6285715442229
+6285715442243
+6285715442250
+6285715442253
+6285715442257
+6285715442263
+6285715442267
+6285715442272
+6285715442279
+6285715442280
+6285715442281
+6285715442283
+6285715442284
+6285715442285
+6285715442293
+6285715442296
+6285715442300
+6285715442305
+6285715442308
+6285715442309
+6285715442311
+6285715442313
+6285715442317
+6285715442321
+6285715442322
+6285715442324
+6285715442331
+6285715442332
+6285715442334
+6285715442335
+6285715442341
+6285715442346
+6285715442348
+6285715442349
+6285715442352
+6285715442356
+6285715442357
+6285715442359
+6285715442360
+6285715442366
+6285715442368
+6285715442370
+6285715442372
+6285715442373
+6285715442375
+6285715442376
+6285715442379
+6285715442380
+6285715442383
+6285715442384
+6285715442389
+6285715442392
+6285715442393
+6285715442395
+6285715442399
+6285715442400
+6285715442403
+6285715442404
+6285715442406
+6285715442409
+6285715442412
+6285715442414
+6285715442418
+6285715442420
+6285715442421
+6285715442423
+6285715442424
+6285715442426
+6285715442427
+6285715442429
+6285715442431
+6285715442432
+6285715442435
+6285715442436
+6285715442439
+6285715442444
+6285715442452
+6285715442455
+6285715442457
+6285715442462
+6285715442469
+6285715442475
+6285715442478
+6285715442479
+6285715442480
+6285715442488
+6285715442490
+6285715442492
+6285715442493
+6285715442500
+6285715442502
+6285715442507
+6285715442511
+6285715442526
+6285715442527
+6285715442528
+6285715442529
+6285715442530
+6285715442531
+6285715442533
+6285715442534
+6285715442538
+6285715442542
+6285715442543
+6285715442548
+6285715442551
+6285715442554
+6285715442571
+6285715442572
+6285715442575
+6285715442577
+6285715442579
+6285715442580
+6285715442585
+6285715442588
+6285715442594
+6285715442601
+6285715442618
+6285715442636
+6285715442639
+6285715442648
+6285715442651
+6285715442653
+6285715442659
+6285715442660
+6285715442663
+6285715442664
+6285715442665
+6285715442667
+6285715442676
+6285715442691
+6285715442698
+6285715442708
+6285715442709
+6285715442715
+6285715442717
+6285715442738
+6285715442742
+6285715442745
+6285715442754
+6285715442764
+6285715442766
+6285715442767
+6285715442771
+6285715442791
+6285715442797
+6285715442809
+6285715442825
+6285715442828
+6285715442845
+6285715442866
+6285715442868
+6285715442869
+6285715442872
+6285715442876
+6285715442881
+6285715442885
+6285715442887
+6285715442891
+6285715442894
+6285715442896
+6285715442904
+6285715442905
+6285715442908
+6285715442912
+6285715442918
+6285715442919
+6285715442920
+6285715442935
+6285715442941
+6285715442943
+6285715442947
+6285715442948
+6285715442950
+6285715442955
+6285715442957
+6285715442963
+6285715442976
+6285715442997
+6285715443002
+6285715443007
+6285715443011
+6285715443015
+6285715443017
+6285715443018
+6285715443031
+6285715443033
+6285715443037
+6285715443041
+6285715443048
+6285715443052
+6285715443058
+6285715443060
+6285715443068
+6285715443072
+6285715443073
+6285715443075
+6285715443083
+6285715443085
+6285715443087
+6285715443092
+6285715443093
+6285715443104
+6285715443108
+6285715443118
+6285715443139
+6285715443143
+6285715443156
+6285715443167
+6285715443181
+6285715443185
+6285715443192
+6285715443193
+6285715443202
+6285715443206
+6285715443213
